393510631936
393510632026
393510632053
393510632051
393510632083
393510631995
393510632027
393510632108
393510632156
393510632111
393510632167
393510632251
393510632299
393510632169
393510632200
393510632315
393510632337
393510632324
393510632408
393510632339
393510632438
393510632402
393510632552
393510632466
393510632461
393510632616
393510632702
393510632844
393510632953
393510631635
393510633011
393510633219
393510633206
393510633191
393510633302
393510633423
393510633295
393510633445
393510633576
393510633478
393510633610
393510633582
393510633578
393510633754
393510633851
393510633770
393510633896
393510633932
393510633937
393510633891
393510633947
393510634004
393510634155
393510634107
393510634139
393510634290
393510634203
393510634352
393510634321
393510634456
393510634472
393510634368
393510634579
393510634524
393510634492
393510634655
393510634672
393510634666
393510634812
393510634609
393510634683
393510634851
393510634933
393510634992
393510634906
393510634855
393510635050
393510635009
393510635147
393510635212
393510635190
393510635248
393510635273
393510635184
393510635180
393510635277
393510635286
393510635287
393510635378
393510635382
393510635408
393510635496
393510635499
393510635600
393510635628
393510635782
393510635625
393510635642
393510635865
393510635827
393510635992
393510636026
393510636094
393510636031
393510636155
393510636300
393510636259
393510636398
393510636483
393510636510
393510636402
393510636578
393510636669
393510636693
393510636620
393510636704
393510636773
393510636828
393510636904
393510636996
393510637040
393510637107
393510637127
393510637065
393510637121
393510637150
393510637253
393510637236
393510637308
393510637319
393510637546
393510637462
393510637743
393510637855
393510637758
393510637884
393510638123
393510638308
393510638256
393510638319
393510638325
393510638438
393510638371
393510638499
393510638495
393510638454
393510638634
393510638018
393510638747
393510638690
393510638755
393510638797
393510638693
393510638909
393510638915
393510638936
393510638893
393510638947
393510638993
393510639093
393510639134
393510639110
393510639221
393510639115
393510639254
393510639283
393510639296
393510639332
393510639395
393510639356
393510639526
393510639590
393510639542
393510636840
393510639703
393510639751
393510639853
393510639824
393510639800
393510639854
393510639932
393510639970
393510640008
393510640090
393510640086
393510640150
393510640236
393510640249
393510640158
393510640347
393510640350
393510640368
393510640299
393510640367
393510640426
393510640439
393510640526
393510640600
393510640628
393510640663
393510640717
393510640732
393510640824
393510640796
393510640836
393510641013
393510640976
393510641087
393510641134
393510641160
393510641135
393510641056
393510641190
393510641273
393510641291
393510641352
393510641278
393510641432
393510641392
393510641238
393510641433
393510641501
393510641519
393510641596
393510641554
393510641603
393510641621
393510641613
393510641735
393510641798
393510641852
393510641864
393510641756
393510641900
393510641946
393510641872
393510641902
393510641951
393510641961
393510641958
393510642030
393510641997
393510642101
393510642139
393510642128
393510642236
393510642156
393510642239
393510642219
393510642245
393510642251
393510642320
393510642378
393510642435
393510642440
393510642546
393510642489
393510642557
393510640657
393510642624
393510642746
393510642811
393510642810
393510642767
393510642809
393510642842
393510642873
393510642893
393510642946
393510643125
393510642944
393510643139
393510643268
393510643332
393510643365
393510643218
393510643363
393510643382
393510640579
393510643415
393510643387
393510643484
393510643517
393510643511
393510643475
393510643574
393510643709
393510643670
393510643736
393510643769
393510643889
393510643773
393510643798
393510643952
393510643795
393510643971
393510643992
393510643441
393510642366
