393510632042
393510631758
393510632099
393510632400
393510632413
393510632442
393510632544
393510632650
393510632663
393510632814
393510632824
393510632873
393510632966
393510633118
393510633126
393510633137
393510633175
393510633248
393510633280
393510633373
393510633331
393510633429
393510633466
393510633650
393510633710
393510633713
393510633881
393510633895
393510633900
393510633918
393510634033
393510634028
393510634050
393510634047
393510634121
393510634199
393510634195
393510634306
393510634319
393510634254
393510634408
393510634467
393510634598
393510634608
393510634652
393510634837
393510634888
393510634868
393510635170
393510635283
393510635341
393510635292
393510635478
393510635495
393510635605
393510631705
393510635634
393510635682
393510635744
393510635729
393510635990
393510636041
393510636099
393510636294
393510636443
393510636424
393510636455
393510636472
393510636531
393510636677
393510631989
393510636744
393510631980
393510636761
393510636810
393510636856
393510636891
393510636941
393510636938
393510636940
393510636944
393510636971
393510636950
393510637053
393510637144
393510637148
393510637195
393510637167
393510637320
393510637344
393510637293
393510637493
393510637460
393510637548
393510637624
393510632879
393510637666
393510637685
393510637788
393510637828
393510637842
393510637919
393510637999
393510638313
393510638394
393510638480
393510638459
393510638615
393510638692
393510638702
393510638788
393510635524
393510638824
393510638952
393510639203
393510639228
393510639232
393510639259
393510639329
393510638850
393510639742
393510639763
393510639765
393510639799
393510639809
393510639904
393510639933
393510639969
393510639978
393510639971
393510639988
393510640029
393510640146
393510640424
393510640533
393510640482
393510640539
393510637883
393510640639
393510640768
393510640937
393510640860
393510640953
393510641034
393510641235
393510641245
393510641444
393510641450
393510641537
393510641716
393510641968
393510642095
393510642190
393510642234
393510639615
393510642278
393510642253
393510642315
393510642364
393510642534
393510642663
393510642733
393510642684
393510642814
393510642824
393510642864
393510642949
393510643124
393510643308
393510643916
393510639711
393510643593
