393241001274
393241002311
393241002357
393241006155
393241006692
393241007954
393241008451
393241009288
393241011118
393241012175
393241013302
393241013421
393241013622
393241013719
393241014174
393241014376
393241015384
393241016405
393241017335
393241017396
393241018275
393241019007
393241019496
393241019660
393241019722
393241020861
393241020897
393241020905
393241020910
393241020912
393241020921
393241020968
393241020992
393241020999
393241021001
393241021002
393241021005
393241021070
393241021087
393241021107
393241021119
393241021120
393241021128
393241021150
393241021156
393241021169
393241021172
393241021209
393241021217
393241021311
393241021317
393241021381
393241021410
393241021422
393241021445
393241021470
393241021494
393241021509
393241021515
393241021537
393241021542
393241021575
393241021593
393241021624
393241021684
393241021685
393241021710
393241021725
393241021796
393241021800
393241021809
393241021823
393241021830
393241021883
393241021889
393241021892
393241021943
393241021953
393241021963
393241021990
393241022002
393241022031
393241022047
393241022052
393241022068
393241022081
393241022115
393241022129
393241022154
393241022156
393241022158
393241022163
393241022258
393241022270
393241022280
393241022341
393241022355
393241022356
393241022366
393241022407
393241022412
393241022458
393241022463
393241022496
393241022500
393241022512
393241022514
393241022529
393241022559
393241022566
393241022576
393241022590
393241022595
393241022627
393241022628
393241022646
393241022648
393241022668
393241022670
393241022679
393241022699
393241022706
393241022724
393241022741
393241022753
393241022759
393241022772
393241022851
393241022884
393241022892
393241022902
393241022908
393241022925
393241022931
393241022974
393241022981
393241022985
393241023008
393241023011
393241023038
393241023109
393241023127
393241023160
393241023216
393241023231
393241023240
393241023249
393241023314
393241023328
393241023398
393241023417
393241023502
393241023512
393241023517
393241023518
393241023559
393241023565
393241023607
393241023615
393241023627
393241023635
393241023651
393241023699
393241023719
393241023731
393241023733
393241023740
393241023758
393241023764
393241023783
393241023824
393241023830
393241023864
393241023884
393241023901
393241023952
393241023968
393241023980
393241023982
393241023988
393241023995
393241024008
393241024015
393241024059
393241024067
393241024068
393241024070
393241024103
393241024131
393241024133
393241024135
393241024140
393241024146
393241024156
393241024233
393241024251
393241024329
393241024349
393241024362
393241024377
393241024384
393241024388
393241024393
393241024416
393241024418
393241024428
393241024467
393241024480
393241024505
393241024508
393241024519
393241024532
393241024594
393241024619
393241024620
393241024697
393241024721
393241024737
393241024744
393241024758
393241024769
393241024815
393241024832
393241024864
393241024871
393241024886
393241024889
393241024895
393241024898
393241024919
393241024961
393241024962
393241024968
393241024992
393241025004
393241025006
393241025034
393241025035
393241025039
393241025096
393241025148
393241025161
393241025163
393241025184
393241025217
393241025233
393241025243
393241025245
393241025257
393241025261
393241025280
393241025315
393241025331
393241025339
393241025340
393241025400
393241025472
393241025489
393241025539
393241025554
393241025626
393241025645
393241025662
393241025676
393241025687
393241025707
393241025727
393241025790
393241025796
393241025809
393241025811
393241025861
393241025867
393241025877
393241025890
393241025895
393241025910
393241025996
393241026014
393241026019
393241026050
393241026064
393241026076
393241026086
393241026088
393241026089
393241026092
393241026100
393241026105
393241026108
393241026126
393241026164
393241026169
393241026212
393241026228
393241026229
393241026267
393241026269
393241026280
393241026291
393241026301
393241026334
393241026461
393241026534
393241026541
393241026550
393241026587
393241026597
393241026601
393241026603
393241026607
393241026618
393241026624
393241026692
393241026698
393241026721
393241026724
393241026725
393241026748
393241026775
393241026787
393241026792
393241026797
393241026825
393241026828
393241026871
393241026898
393241026920
393241026926
393241026943
393241026953
393241027004
393241027041
393241027051
393241027076
393241027116
393241027118
393241027137
393241027146
393241027178
393241027229
393241027230
393241027244
393241027261
393241027273
393241027291
393241027293
393241027301
393241027314
393241027319
393241027329
393241027334
393241027404
393241027422
393241027445
393241027464
393241027478
393241027539
393241027589
393241027609
393241027646
393241027667
393241027682
393241027711
393241027748
393241027749
393241027750
393241027760
393241027761
393241027804
393241027806
393241027811
393241027820
393241027844
393241027860
393241027874
393241027893
393241027919
393241027929
393241027967
393241027969
393241027984
393241027988
393241027989
393241027990
393241028014
393241028056
393241028057
393241028103
393241028107
393241028110
393241028111
393241028123
393241028153
393241028187
393241028196
393241028305
393241028307
393241028347
393241028364
393241028373
393241028377
393241028410
393241028442
393241028600
393241028603
393241028612
393241028621
393241028636
393241028687
393241028696
393241028714
393241028744
393241028748
393241028760
393241028764
393241028852
393241028881
393241028884
393241028886
393241028896
393241028906
393241028918
393241028956
393241028965
393241028974
393241028989
393241029030
393241029055
393241029057
393241029069
393241029072
393241029101
393241029107
393241029134
393241029139
393241029142
393241029159
393241029194
393241029229
393241029247
393241029251
393241029307
393241029325
393241029343
393241029398
393241029411
393241029421
393241029470
393241029475
393241029485
393241029509
393241029511
393241029516
393241029526
393241029531
393241029534
393241029547
393241029598
393241029614
393241029618
393241029622
393241029704
393241029734
393241029740
393241029741
393241029763
393241029795
393241029847
393241029858
393241029868
393241029880
393241029886
393241029892
393241029894
393241029909
393241029961
393241029963
393241029965
393241029970
393241029992
393241029996
393241030000
393241030022
393241030027
393241030028
393241030131
393241030164
393241030173
393241030197
393241030218
393241030261
393241030271
393241030290
393241030297
393241030313
393241030315
393241030378
393241030422
393241030443
